q = 64 ; d = 16
DeltaModel{id=null, array=[28, 23, 41, 43, 59, 44, 15, 46, 25, 37, 54, 14, 60, 1, 53, 16], delta=0.3329068488320319}
q = 64 ; d = 16
DeltaModel{id=null, array=[8, 26, 21, 57, 48, 11, 6, 31, 61, 37, 36, 23, 4, 27, 50, 5], delta=0.31203766490578577}
q = 64 ; d = 32
DeltaModel{id=null, array=[42, 29, 27, 8, 13, 17, 21, 15, 3, 4, 40, 5, 32, 20, 1, 49, 31, 39, 61, 4, 54, 18, 32, 47, 12, 7, 34, 0, 45, 33, 58, 9], delta=0.214082347417058}
q = 128 ; d = 16
DeltaModel{id=null, array=[14, 39, 95, 102, 50, 47, 96, 83, 74, 76, 111, 44, 88, 25, 122, 15], delta=0.37031526829954675}
q = 128 ; d = 32
DeltaModel{id=null, array=[63, 115, 83, 75, 66, 59, 119, 104, 72, 43, 88, 101, 44, 21, 7, 67, 88, 113, 117, 100, 116, 31, 126, 102, 12, 124, 49, 22, 26, 46, 94, 35], delta=0.25999997704065697}
q = 128 ; d = 64
DeltaModel{id=null, array=[125, 71, 106, 33, 75, 54, 10, 36, 52, 103, 15, 99, 118, 120, 106, 90, 60, 119, 17, 0, 4, 25, 15, 122, 12, 116, 82, 96, 88, 110, 101, 113, 61, 64, 37, 20, 26, 0, 21, 58, 28, 100, 6, 8, 57, 8, 34, 35, 5, 22, 89, 64, 98, 51, 65, 74, 48, 50, 41, 23, 65, 112, 31, 25], delta=0.17979026199628126}
q = 256 ; d = 16
DeltaModel{id=null, array=[152, 239, 215, 207, 17, 18, 130, 123, 249, 83, 202, 36, 21, 144, 45, 119], delta=0.4350967624615225}
q = 256 ; d = 32
DeltaModel{id=null, array=[21, 188, 149, 163, 138, 167, 193, 217, 133, 105, 148, 11, 204, 115, 114, 230, 122, 225, 117, 193, 127, 7, 224, 20, 85, 17, 210, 8, 247, 213, 249, 218], delta=0.2952075073723006}
q = 256 ; d = 64
DeltaModel{id=null, array=[26, 12, 161, 167, 134, 181, 237, 175, 202, 252, 160, 0, 223, 112, 148, 225, 83, 246, 71, 188, 135, 118, 86, 174, 84, 58, 155, 57, 152, 27, 192, 156, 49, 59, 106, 47, 204, 244, 65, 4, 6, 124, 200, 11, 136, 73, 178, 189, 62, 40, 53, 205, 56, 230, 248, 177, 34, 244, 223, 221, 145, 114, 160, 182], delta=0.20748400112709658}
q = 256 ; d = 128
DeltaModel{id=null, array=[197, 56, 221, 177, 202, 119, 217, 153, 221, 108, 230, 161, 64, 248, 11, 109, 23, 76, 31, 208, 73, 32, 83, 158, 146, 138, 201, 63, 61, 229, 204, 78, 210, 183, 1, 68, 206, 30, 102, 168, 21, 137, 169, 168, 164, 157, 163, 247, 94, 70, 103, 149, 196, 80, 47, 189, 99, 106, 87, 58, 95, 135, 112, 84, 50, 135, 238, 156, 40, 59, 189, 148, 245, 196, 41, 60, 8, 24, 103, 229, 105, 64, 71, 230, 222, 104, 123, 224, 6, 234, 194, 184, 74, 10, 227, 130, 50, 180, 206, 100, 215, 116, 154, 8, 65, 102, 129, 101, 40, 160, 147, 202, 55, 166, 82, 204, 203, 184, 7, 24, 77, 146, 148, 158, 88, 208, 110, 11], delta=0.14431221454556542}
q = 512 ; d = 16
DeltaModel{id=null, array=[202, 332, 272, 195, 126, 437, 278, 165, 150, 127, 373, 110, 505, 246, 356, 115], delta=0.47465335371547224}
q = 512 ; d = 32
DeltaModel{id=null, array=[54, 293, 183, 390, 178, 286, 111, 234, 21, 106, 93, 20, 143, 243, 155, 421, 410, 140, 0, 265, 138, 42, 328, 479, 316, 218, 324, 11, 324, 412, 364, 10], delta=0.32900206374943897}
q = 512 ; d = 64
DeltaModel{id=null, array=[319, 492, 371, 156, 403, 334, 428, 345, 441, 349, 402, 58, 496, 32, 114, 238, 369, 71, 335, 103, 246, 205, 347, 193, 70, 100, 468, 239, 228, 25, 469, 108, 51, 266, 503, 430, 405, 36, 192, 407, 344, 227, 81, 245, 141, 305, 130, 78, 382, 363, 210, 197, 299, 224, 297, 392, 254, 110, 79, 260, 344, 285, 436, 388], delta=0.2360830994006203}
q = 512 ; d = 128
DeltaModel{id=null, array=[308, 316, 138, 47, 233, 337, 372, 423, 64, 492, 119, 271, 190, 438, 96, 386, 150, 422, 43, 148, 319, 77, 467, 51, 106, 335, 439, 205, 273, 474, 142, 234, 208, 143, 53, 262, 401, 275, 284, 178, 420, 203, 314, 378, 493, 402, 39, 376, 468, 197, 399, 240, 361, 237, 139, 121, 126, 318, 238, 411, 388, 165, 320, 510, 24, 488, 380, 176, 132, 67, 337, 436, 171, 93, 267, 0, 336, 33, 99, 103, 374, 464, 153, 491, 469, 416, 417, 18, 496, 20, 170, 73, 335, 130, 88, 287, 402, 214, 194, 131, 111, 255, 22, 180, 476, 6, 441, 87, 396, 165, 89, 70, 307, 481, 262, 109, 500, 392, 505, 80, 444, 238, 509, 69, 373, 408, 388, 296], delta=0.15893383912946632}
q = 1024 ; d = 64
DeltaModel{id=null, array=[87, 128, 86, 776, 725, 391, 295, 2, 163, 401, 521, 429, 216, 153, 804, 465, 456, 774, 619, 59, 152, 104, 481, 703, 415, 461, 698, 625, 534, 984, 70, 877, 865, 603, 501, 119, 597, 617, 622, 815, 751, 529, 88, 914, 773, 724, 384, 254, 126, 393, 119, 202, 544, 524, 228, 884, 586, 575, 595, 91, 706, 990, 91, 470], delta=0.2452528628452881}
q = 1024 ; d = 128
DeltaModel{id=null, array=[812, 344, 6, 318, 193, 886, 248, 561, 519, 954, 218, 512, 861, 940, 219, 356, 995, 786, 947, 951, 312, 975, 640, 756, 876, 849, 217, 836, 557, 41, 464, 178, 420, 70, 591, 407, 901, 977, 907, 985, 638, 20, 656, 149, 461, 296, 88, 707, 1003, 674, 599, 405, 811, 293, 476, 758, 473, 814, 65, 741, 176, 689, 705, 161, 844, 466, 819, 244, 157, 381, 725, 9, 774, 919, 978, 58, 450, 39, 72, 983, 276, 163, 713, 667, 176, 1004, 685, 261, 580, 256, 49, 392, 777, 198, 881, 426, 655, 449, 287, 548, 782, 918, 572, 1, 98, 380, 575, 381, 573, 185, 560, 478, 35, 135, 572, 267, 254, 133, 742, 763, 334, 739, 1014, 731, 847, 28, 435, 459], delta=0.17600727790989626}
q = 1024 ; d = 256
DeltaModel{id=null, array=[476, 479, 665, 923, 331, 745, 258, 54, 689, 858, 165, 207, 789, 541, 546, 422, 441, 794, 834, 799, 8, 56, 110, 472, 878, 172, 318, 308, 938, 533, 74, 611, 465, 494, 368, 462, 339, 161, 709, 242, 191, 17, 560, 861, 141, 751, 432, 227, 83, 19, 504, 559, 585, 418, 138, 686, 14, 635, 317, 152, 470, 5, 368, 442, 395, 994, 209, 786, 54, 136, 657, 772, 597, 163, 147, 165, 1005, 806, 526, 691, 673, 339, 381, 534, 178, 751, 949, 79, 414, 823, 739, 957, 151, 492, 441, 1012, 200, 181, 596, 943, 1020, 652, 831, 937, 183, 209, 649, 517, 314, 283, 419, 502, 177, 578, 371, 585, 1018, 214, 798, 794, 463, 870, 817, 211, 335, 248, 10, 812, 914, 794, 791, 697, 792, 30, 467, 763, 353, 15, 559, 601, 222, 704, 360, 485, 977, 216, 570, 429, 917, 150, 332, 375, 114, 257, 693, 483, 1010, 55, 585, 853, 141, 537, 279, 633, 128, 248, 90, 964, 353, 633, 102, 900, 201, 888, 90, 558, 15, 860, 104, 167, 762, 854, 565, 482, 74, 150, 832, 819, 981, 568, 563, 989, 599, 113, 317, 719, 728, 932, 938, 605, 73, 203, 349, 65, 330, 45, 581, 173, 485, 987, 489, 553, 851, 652, 824, 286, 136, 707, 953, 784, 297, 576, 674, 1014, 483, 661, 26, 839, 252, 44, 527, 151, 152, 443, 51, 65, 955, 1020, 1008, 680, 463, 834, 696, 373, 862, 840, 235, 613, 184, 978, 33, 218, 321, 742, 814, 844], delta=0.12474318362835893}
q = 8 ; k = 4
DeltaModel{id=null, array=[2, 6, 4, 5],
 delta=0.5}
q = 8 ; k = 4
DeltaModel{id=null, array=[0, 3, 4, 2],
 delta=0.5}
q = 16 ; k = 4
DeltaModel{id=null, array=[1, 11, 13, 2],
 delta=0.6045535059561818}
q = 16 ; k = 8
DeltaModel{id=null, array=[12, 11, 5, 10, 13, 0, 4, 9],
 delta=0.3535533905932735}
q = 32 ; k = 4
DeltaModel{id=null, array=[27, 18, 23, 30],
 delta=0.7071067811865475}
q = 32 ; k = 8
DeltaModel{id=null, array=[3, 0, 11, 25, 16, 31, 13, 20],
 delta=0.398425514276009}
q = 32 ; k = 16
DeltaModel{id=null, array=[7, 19, 7, 24, 10, 0, 6, 9, 20, 17, 6, 15, 16, 5, 26, 12],
 delta=0.3047486877818415}
q = 64 ; k = 4
DeltaModel{id=null, array=[36, 12, 62, 21],
 delta=0.831043953598507}
q = 64 ; k = 8
DeltaModel{id=null, array=[0, 37, 16, 60, 59, 44, 31, 41],
 delta=0.5414644957069683}
q = 64 ; k = 16
DeltaModel{id=null, array=[61, 45, 54, 27, 53, 38, 9, 40, 37, 1, 39, 13, 4, 19, 8, 36],
 delta=0.3630132343757361}
q = 128 ; k = 4
DeltaModel{id=null, array=[11, 58, 46, 109],
 delta=0.8942328902537652}
q = 128 ; k = 8
DeltaModel{id=null, array=[42, 87, 43, 68, 120, 104, 114, 66],
 delta=0.5771484633830286}
q = 128 ; k = 16
DeltaModel{id=null, array=[35, 119, 56, 21, 113, 69, 13, 44, 90, 96, 39, 23, 32, 118, 105, 62],
 delta=0.3944631081003529}
q = 256 ; k = 4
DeltaModel{id=null, array=[170, 157, 114, 21],
 delta=0.9238795325112955}
q = 8 ; k = 4
DeltaModel{id=null, array=[3, 6, 7, 1],
 delta=0.5}
q = 16 ; k = 4
DeltaModel{id=null, array=[11, 2, 10, 0],
 delta=0.680726338294853}
q = 16 ; k = 8
DeltaModel{id=null, array=[11, 12, 3, 2, 0, 0, 4, 13],
 delta=0.39528470752104705}
q = 32 ; k = 4
DeltaModel{id=null, array=[3, 28, 25, 5],
 delta=0.7253240713707758}
q = 32 ; k = 8
DeltaModel{id=null, array=[4, 12, 6, 27, 11, 23, 26, 13],
 delta=0.45259204333929137}
q = 32 ; k = 16
DeltaModel{id=null, array=[4, 29, 9, 30, 4, 29, 2, 15, 8, 1, 5, 27, 11, 21, 0, 17],
 delta=0.33481881732238195}
q = 64 ; k = 4
DeltaModel{id=null, array=[59, 14, 42, 36],
 delta=0.8259320059554413}
q = 64 ; k = 8
DeltaModel{id=null, array=[61, 44, 48, 20, 34, 29, 60, 18],
 delta=0.5292271157161633}
q = 64 ; k = 16
DeltaModel{id=null, array=[9, 46, 24, 44, 61, 2, 56, 29, 59, 31, 3, 37, 6, 5, 57, 13],
 delta=0.36359844797869056}
q = 128 ; k = 4
DeltaModel{id=null, array=[17, 82, 43, 0],
 delta=0.8793701584592747}
q = 128 ; k = 8
DeltaModel{id=null, array=[31, 46, 83, 119, 105, 80, 77, 39],
 delta=0.6030199076301961}
q = 128 ; k = 16
DeltaModel{id=null, array=[11, 119, 110, 67, 65, 90, 83, 97, 28, 4, 109, 98, 59, 39, 57, 104],
 delta=0.3686838189776429}
q = 256 ; k = 4
DeltaModel{id=null, array=[143, 95, 253, 178],
 delta=0.9166466288465642}
q = 256 ; k = 8
DeltaModel{id=null, array=[224, 149, 226, 70, 37, 142, 160, 117],
 delta=0.6549477160710698}
q = 256 ; k = 16
DeltaModel{id=null, array=[69, 163, 81, 195, 175, 197, 251, 128, 18, 213, 210, 149, 120, 32, 164, 94],
 delta=0.4633047411541318}
q = 8 ; d = 4
DeltaModel{id=null, array=[2, 1, 0, 5],
 delta=0.5}
q = 16 ; d = 4
DeltaModel{id=null, array=[14, 7, 2, 11],
 delta=0.7071067811865479}
q = 16 ; d = 8
DeltaModel{id=null, array=[6, 0, 1, 12, 1, 5, 15, 3],
 delta=0.45320822443146314}
q = 32 ; d = 4
DeltaModel{id=null, array=[3, 10, 20, 7],
 delta=0.754558301774051}
q = 32 ; d = 8
DeltaModel{id=null, array=[21, 11, 23, 27, 10, 10, 18, 27],
 delta=0.5465051027382916}
q = 32 ; d = 16
DeltaModel{id=null, array=[6, 30, 18, 2, 27, 8, 2, 12, 3, 3, 9, 4, 7, 19, 27, 31],
 delta=0.4076403477624822}
q = 64 ; d = 4
DeltaModel{id=null, array=[56, 50, 10, 49],
 delta=0.8310439535985058}
q = 64 ; d = 8
DeltaModel{id=null, array=[10, 46, 6, 9, 61, 42, 44, 24],
 delta=0.5939621231484782}
q = 8 ; d = 4
DeltaModel{id=null, array=[1, 0, 4, 7],
 delta=0.4999999999999999}
q = 16 ; d = 4
DeltaModel{id=null, array=[5, 8, 1, 6],
 delta=0.5817115674011636}
q = 16 ; d = 8
DeltaModel{id=null, array=[0, 11, 4, 13, 1, 3, 6, 12],
 delta=0.3061862178478972}
q = 32 ; d = 4
DeltaModel{id=null, array=[15, 20, 11, 0],
 delta=0.7071067811865468}
q = 32 ; d = 8
DeltaModel{id=null, array=[3, 20, 29, 19, 23, 27, 8, 22],
 delta=0.3952847075210467}
q = 8 ; d = 4
DeltaModel{id=null, array=[4, 1, 7, 0],
 delta=0.4999999999999999}
q = 16 ; d = 4
DeltaModel{id=null, array=[7, 14, 11, 12],
 delta=0.5817115674011635}
q = 16 ; d = 8
DeltaModel{id=null, array=[1, 2, 4, 8, 5, 10, 3, 13],
 delta=0.3061862178478972}
q = 32 ; d = 4
DeltaModel{id=null, array=[17, 20, 29, 24],
 delta=0.7071067811865468}
q = 8 ; d = 4
DeltaModel{id=null, array=[4, 7, 0, 1],
 delta=0.4999999999999999}
q = 16 ; d = 4
DeltaModel{id=null, array=[7, 2, 0, 3],
 delta=0.5817115674011636}
q = 16 ; d = 8
DeltaModel{id=null, array=[6, 5, 2, 12, 3, 14, 11, 1],
 delta=0.30618621784789724}
q = 32 ; d = 4
DeltaModel{id=null, array=[12, 13, 17, 24],
 delta=0.707106781186547}
q = 32 ; d = 8
DeltaModel{id=null, array=[3, 0, 18, 23, 24, 20, 13, 4],
 delta=0.39528470752104694}
