q = 8 ; k = 4
DeltaModel{id=null, array=[3, 1, 4, 0],
 delta=0.5000000000000001}
q = 16 ; k = 4
DeltaModel{id=null, array=[6, 15, 4, 9],
 delta=0.6532814824381882}
q = 16 ; k = 8
DeltaModel{id=null, array=[7, 0, 12, 14, 6, 8, 2, 3],
 delta=0.5}
q = 32 ; k = 4
DeltaModel{id=null, array=[1, 18, 2, 30],
 delta=0.8085822853448248}
q = 32 ; k = 8
DeltaModel{id=null, array=[9, 26, 28, 4, 28, 7, 10, 22],
 delta=0.5657583596134292}
q = 32 ; k = 16
DeltaModel{id=null, array=[22, 17, 10, 22, 7, 21, 20, 0, 15, 6, 13, 0, 25, 8, 1, 1],
 delta=0.3598484555855325}
q = 64 ; k = 4
DeltaModel{id=null, array=[22, 58, 27, 57],
 delta=0.9340501003577429}
q = 64 ; k = 8
DeltaModel{id=null, array=[27, 16, 29, 23, 53, 50, 20, 20],
 delta=0.7299035985901166}
q = 64 ; k = 16
DeltaModel{id=null, array=[53, 24, 9, 11, 55, 30, 46, 4, 34, 0, 34, 6, 40, 31, 47, 53],
 delta=0.4255151213484809}
q = 64 ; k = 32
DeltaModel{id=null, array=[61, 63, 14, 14, 5, 55, 51, 28, 7, 63, 22, 11, 22, 33, 43, 57, 34, 63, 17, 32, 5, 23, 61, 29, 20, 58, 9, 20, 1, 10, 25, 58],
 delta=0.42340198118841366}
q = 128 ; k = 4
DeltaModel{id=null, array=[56, 36, 69, 81],
 delta=0.9194308000402811}
q = 128 ; k = 8
DeltaModel{id=null, array=[25, 19, 21, 107, 114, 12, 2, 58],
 delta=0.7990705501114248}
q = 128 ; k = 16
DeltaModel{id=null, array=[122, 48, 1, 94, 14, 12, 117, 53, 79, 52, 66, 3, 15, 85, 117, 124],
 delta=0.5544266492995527}
q = 128 ; k = 32
DeltaModel{id=null, array=[33, 117, 76, 60, 45, 51, 77, 85, 8, 13, 1, 43, 57, 55, 24, 59, 101, 52, 76, 21, 3, 22, 109, 113, 81, 23, 49, 72, 78, 27, 121, 10],
 delta=0.375}
q = 128 ; k = 64
DeltaModel{id=null, array=[11, 41, 35, 88, 85, 47, 65, 112, 66, 1, 89, 87, 24, 112, 124, 75, 14, 29, 111, 11, 59, 48, 9, 57, 113, 18, 43, 74, 72, 14, 105, 16, 85, 126, 65, 53, 120, 98, 58, 89, 35, 103, 59, 71, 31, 33, 10, 105, 28, 35, 89, 86, 65, 92, 9, 99, 2, 101, 104, 99, 33, 124, 108, 39],
 delta=0.2574373310773825}
q = 256 ; k = 4
DeltaModel{id=null, array=[235, 169, 164, 113],
 delta=0.9616826452483189}
q = 256 ; k = 8
DeltaModel{id=null, array=[122, 159, 252, 59, 75, 9, 200, 179],
 delta=0.7066641906211949}
q = 256 ; k = 16
DeltaModel{id=null, array=[192, 157, 35, 250, 85, 224, 208, 205, 191, 223, 249, 228, 197, 172, 147, 136],
 delta=0.6071997101226522}
q = 256 ; k = 32
DeltaModel{id=null, array=[156, 173, 101, 74, 231, 200, 188, 170, 132, 66, 197, 79, 210, 177, 66, 200, 105, 135, 56, 140, 183, 57, 214, 220, 37, 241, 238, 40, 88, 132, 124, 11],
 delta=0.4716290807385402}
q = 256 ; k = 64
DeltaModel{id=null, array=[43, 31, 168, 96, 156, 214, 199, 139, 119, 88, 195, 14, 253, 137, 63, 249, 46, 26, 92, 226, 90, 210, 38, 47, 216, 245, 154, 131, 79, 67, 110, 39, 32, 250, 217, 122, 255, 162, 148, 184, 13, 198, 72, 163, 101, 138, 180, 83, 181, 187, 148, 199, 239, 174, 67, 169, 29, 131, 3, 101, 242, 69, 253, 120],
 delta=0.25906479882562605}
q = 256 ; k = 128
DeltaModel{id=null, array=[161, 42, 254, 128, 201, 22, 222, 47, 57, 56, 108, 162, 36, 133, 41, 20, 74, 198, 104, 70, 202, 238, 26, 105, 189, 40, 56, 185, 55, 62, 46, 200, 39, 83, 238, 40, 222, 99, 233, 113, 249, 132, 101, 40, 248, 183, 0, 14, 97, 55, 173, 176, 19, 107, 200, 24, 212, 202, 15, 157, 43, 215, 4, 38, 43, 10, 72, 163, 186, 71, 179, 63, 25, 139, 133, 14, 14, 115, 161, 217, 1, 161, 18, 16, 113, 150, 168, 158, 76, 116, 47, 153, 175, 194, 154, 23, 254, 204, 244, 99, 46, 220, 210, 97, 187, 188, 84, 204, 15, 117, 30, 178, 79, 181, 159, 96, 192, 123, 189, 12, 123, 253, 240, 83, 33, 168, 137, 148],
 delta=0.2057760746051994}
q = 512 ; k = 4
DeltaModel{id=null, array=[344, 302, 95, 122],
 delta=0.9910776046825643}
q = 512 ; k = 8
DeltaModel{id=null, array=[167, 47, 394, 212, 419, 338, 353, 164],
 delta=0.7921682059015862}
q = 512 ; k = 16
DeltaModel{id=null, array=[72, 178, 46, 305, 196, 388, 380, 258, 304, 67, 384, 362, 476, 73, 480, 463],
 delta=0.6224614955811695}
q = 512 ; k = 32
DeltaModel{id=null, array=[108, 430, 426, 376, 119, 68, 245, 343, 129, 471, 479, 368, 442, 278, 371, 383, 283, 99, 256, 473, 435, 74, 360, 338, 306, 102, 65, 172, 303, 72, 439, 407],
 delta=0.4049944875954696}
q = 512 ; k = 64
DeltaModel{id=null, array=[356, 64, 486, 300, 433, 466, 263, 352, 204, 68, 460, 399, 368, 347, 158, 441, 244, 281, 211, 433, 475, 89, 443, 278, 267, 387, 62, 321, 163, 366, 193, 238, 159, 189, 255, 429, 49, 53, 80, 335, 139, 307, 437, 384, 100, 472, 12, 251, 88, 349, 140, 173, 349, 264, 155, 351, 208, 73, 203, 232, 7, 170, 366, 70],
 delta=0.30911172497015255}
q = 512 ; k = 128
DeltaModel{id=null, array=[238, 207, 360, 270, 25, 295, 347, 12, 403, 130, 289, 216, 103, 340, 280, 479, 139, 121, 405, 126, 274, 7, 258, 176, 489, 497, 53, 418, 477, 428, 123, 342, 323, 389, 8, 106, 382, 370, 67, 20, 227, 352, 356, 163, 330, 206, 302, 427, 96, 242, 295, 191, 225, 285, 473, 253, 153, 384, 501, 33, 205, 280, 346, 441, 11, 435, 200, 191, 140, 131, 379, 361, 302, 473, 237, 436, 183, 234, 182, 219, 153, 2, 110, 144, 155, 432, 196, 86, 162, 309, 223, 91, 508, 163, 92, 318, 310, 320, 402, 310, 378, 114, 381, 499, 466, 294, 300, 24, 132, 479, 391, 137, 440, 304, 492, 483, 200, 340, 344, 178, 161, 197, 242, 318, 115, 169, 381, 165],
 delta=0.20321001083066867}
q = 8 ; k = 4
DeltaModel{id=null, array=[5, 4, 2, 0],
 delta=0.5}
q = 16 ; k = 4
DeltaModel{id=null, array=[1, 11, 5, 7],
 delta=1.0}
q = 16 ; k = 8
DeltaModel{id=null, array=[7, 6, 0, 12, 14, 14, 4, 11],
 delta=0.5}
q = 32 ; k = 4
DeltaModel{id=null, array=[19, 27, 25, 3],
 delta=1.0}
q = 32 ; k = 8
DeltaModel{id=null, array=[17, 13, 19, 19, 15, 9, 6, 15],
 delta=0.7527743460496527}
q = 32 ; k = 16
DeltaModel{id=null, array=[13, 22, 11, 15, 9, 27, 2, 2, 12, 3, 12, 26, 3, 9, 16, 11],
 delta=0.403752323210672}
q = 64 ; k = 4
DeltaModel{id=null, array=[46, 62, 47, 32],
 delta=0.9477507689199586}
q = 64 ; k = 8
DeltaModel{id=null, array=[38, 4, 52, 58, 2, 36, 27, 15],
 delta=0.6458418005562889}
q = 64 ; k = 16
DeltaModel{id=null, array=[1, 19, 29, 35, 36, 41, 11, 52, 18, 46, 51, 17, 42, 57, 17, 11],
 delta=0.6371555065104452}
q = 64 ; k = 32
DeltaModel{id=null, array=[35, 6, 29, 6, 42, 54, 6, 13, 52, 13, 62, 38, 60, 2, 20, 42, 40, 0, 35, 9, 53, 0, 7, 34, 9, 37, 4, 22, 49, 45, 33, 17],
 delta=0.40256751057367707}
q = 128 ; k = 4
DeltaModel{id=null, array=[34, 21, 82, 83],
 delta=0.8897325389163666}
q = 128 ; k = 8
DeltaModel{id=null, array=[124, 9, 68, 85, 98, 122, 102, 22],
 delta=0.8643647815778847}
q = 128 ; k = 16
DeltaModel{id=null, array=[43, 80, 100, 120, 107, 10, 9, 67, 94, 80, 33, 100, 57, 116, 83, 78],
 delta=0.6156876533865201}
q = 128 ; k = 32
DeltaModel{id=null, array=[45, 101, 18, 118, 38, 124, 76, 92, 104, 117, 83, 0, 124, 62, 114, 96, 5, 118, 117, 99, 60, 80, 113, 47, 78, 21, 32, 35, 84, 89, 32, 69],
 delta=0.31757369677977737}
q = 128 ; k = 64
DeltaModel{id=null, array=[14, 17, 68, 83, 114, 16, 80, 48, 70, 101, 72, 10, 50, 75, 77, 53, 78, 101, 0, 54, 122, 112, 82, 36, 102, 92, 54, 43, 104, 4, 44, 71, 12, 69, 75, 90, 84, 123, 123, 85, 46, 120, 15, 84, 79, 47, 43, 103, 68, 93, 55, 5, 103, 111, 79, 88, 17, 74, 103, 18, 28, 5, 3, 117],
 delta=0.2556077705035152}
q = 256 ; k = 4
DeltaModel{id=null, array=[35, 120, 224, 108],
 delta=0.9883677279149918}
q = 256 ; k = 8
DeltaModel{id=null, array=[124, 95, 58, 210, 92, 222, 143, 22],
 delta=0.6708566651220357}
q = 256 ; k = 16
DeltaModel{id=null, array=[235, 241, 9, 245, 73, 150, 55, 187, 26, 147, 152, 214, 248, 59, 140, 21],
 delta=0.5848612941051953}
q = 256 ; k = 32
DeltaModel{id=null, array=[243, 188, 42, 52, 13, 236, 53, 181, 21, 81, 118, 119, 134, 114, 204, 216, 53, 149, 160, 183, 31, 106, 159, 80, 18, 173, 176, 94, 94, 37, 71, 56],
 delta=0.39101658644111925}
q = 256 ; k = 64
DeltaModel{id=null, array=[140, 138, 201, 104, 85, 178, 150, 118, 82, 251, 150, 7, 141, 14, 28, 167, 135, 233, 70, 220, 0, 249, 184, 128, 91, 235, 29, 227, 234, 210, 244, 165, 59, 242, 32, 236, 178, 237, 212, 185, 71, 249, 136, 254, 63, 233, 81, 133, 137, 135, 112, 208, 105, 106, 231, 68, 35, 102, 55, 248, 72, 232, 176, 83],
 delta=0.2641651612520464}
q = 256 ; k = 128
DeltaModel{id=null, array=[30, 191, 243, 234, 162, 134, 144, 123, 44, 139, 47, 79, 106, 255, 92, 62, 250, 72, 126, 237, 82, 197, 156, 115, 216, 255, 132, 94, 21, 120, 192, 213, 213, 164, 27, 8, 4, 44, 6, 127, 3, 93, 207, 62, 17, 0, 32, 93, 178, 240, 29, 144, 33, 102, 226, 207, 207, 206, 196, 137, 76, 117, 236, 106, 73, 31, 65, 47, 180, 17, 3, 165, 248, 7, 53, 161, 226, 220, 170, 127, 168, 142, 33, 236, 214, 95, 48, 187, 159, 70, 87, 186, 151, 45, 235, 3, 152, 23, 96, 202, 167, 43, 8, 124, 24, 105, 136, 60, 167, 159, 124, 136, 2, 65, 82, 151, 78, 40, 33, 50, 132, 172, 216, 32, 45, 48, 38, 169],
 delta=0.18236752159487438}
q = 512 ; k = 4
DeltaModel{id=null, array=[360, 142, 20, 419],
 delta=0.9789429250283914}
q = 512 ; k = 8
DeltaModel{id=null, array=[452, 311, 308, 85, 470, 104, 116, 229],
 delta=0.8550375206324594}
q = 512 ; k = 16
DeltaModel{id=null, array=[330, 388, 152, 112, 27, 376, 346, 508, 254, 50, 354, 292, 288, 53, 0, 304],
 delta=0.75}
q = 512 ; k = 32
DeltaModel{id=null, array=[122, 321, 258, 508, 509, 117, 359, 501, 249, 325, 280, 165, 250, 365, 128, 222, 507, 221, 59, 165, 201, 167, 45, 211, 66, 29, 393, 199, 403, 179, 448, 315],
 delta=0.492272797977745}
q = 512 ; k = 64
DeltaModel{id=null, array=[8, 87, 230, 13, 330, 502, 222, 487, 156, 433, 181, 71, 510, 129, 506, 196, 253, 347, 272, 403, 210, 497, 106, 6, 340, 133, 163, 79, 340, 315, 80, 58, 502, 340, 94, 85, 143, 284, 442, 503, 210, 465, 224, 77, 146, 449, 503, 451, 453, 332, 146, 488, 148, 115, 191, 472, 208, 146, 26, 45, 102, 209, 42, 248],
 delta=0.31030225294618735}
q = 512 ; k = 128
DeltaModel{id=null, array=[210, 187, 304, 107, 142, 103, 12, 44, 136, 486, 91, 429, 82, 439, 46, 385, 313, 255, 283, 362, 15, 162, 264, 485, 434, 193, 17, 236, 159, 450, 232, 229, 426, 279, 245, 230, 45, 173, 374, 178, 229, 408, 49, 377, 289, 308, 205, 262, 319, 457, 125, 202, 279, 141, 330, 194, 348, 134, 321, 52, 498, 401, 85, 422, 166, 501, 424, 200, 378, 151, 303, 156, 309, 183, 336, 26, 57, 215, 102, 238, 410, 282, 38, 23, 300, 230, 272, 255, 341, 129, 432, 24, 244, 336, 10, 38, 135, 385, 99, 74, 142, 19, 405, 166, 252, 173, 435, 253, 337, 348, 136, 220, 269, 98, 460, 395, 3, 452, 492, 324, 251, 437, 375, 28, 291, 511, 90, 40],
 delta=0.2319372832889708}
q = 512 ; k = 256
DeltaModel{id=null, array=[129, 46, 180, 276, 194, 368, 109, 222, 276, 233, 439, 162, 117, 344, 170, 502, 226, 135, 343, 220, 13, 317, 186, 44, 407, 45, 242, 332, 212, 280, 154, 276, 366, 231, 25, 269, 170, 229, 413, 57, 234, 304, 290, 503, 425, 89, 189, 111, 46, 269, 282, 461, 374, 46, 508, 30, 278, 479, 422, 160, 276, 276, 45, 76, 400, 279, 23, 209, 346, 225, 70, 384, 42, 186, 7, 205, 178, 99, 180, 68, 4, 174, 33, 213, 157, 205, 127, 355, 101, 436, 121, 33, 196, 426, 271, 482, 481, 293, 421, 497, 434, 270, 84, 25, 229, 145, 97, 303, 331, 410, 448, 99, 428, 173, 188, 458, 30, 259, 245, 97, 38, 300, 36, 502, 268, 454, 382, 492, 322, 380, 120, 329, 182, 455, 233, 132, 21, 201, 49, 456, 228, 484, 162, 334, 238, 22, 59, 459, 199, 411, 160, 136, 17, 456, 397, 247, 90, 87, 416, 419, 511, 130, 185, 122, 101, 292, 237, 324, 400, 492, 206, 282, 206, 50, 255, 468, 213, 173, 178, 210, 127, 209, 311, 108, 196, 397, 195, 304, 320, 324, 454, 108, 266, 187, 18, 479, 488, 347, 390, 103, 252, 214, 201, 389, 264, 352, 478, 169, 164, 140, 127, 84, 252, 188, 309, 254, 278, 124, 257, 414, 115, 116, 96, 69, 498, 43, 251, 6, 19, 371, 381, 181, 191, 2, 346, 259, 170, 415, 75, 482, 13, 380, 168, 469, 346, 142, 402, 234, 478, 503, 194, 54, 214, 479, 151, 143],
 delta=0.15936930123206489}
q = 1024 ; k = 4
DeltaModel{id=null, array=[10, 4, 39, 804],
 delta=0.9867949955684916}
q = 1024 ; k = 8
DeltaModel{id=null, array=[510, 874, 269, 975, 934, 437, 199, 1009],
 delta=0.8059735137957864}
q = 1024 ; k = 16
DeltaModel{id=null, array=[304, 668, 306, 878, 961, 203, 722, 98, 792, 224, 275, 334, 48, 932, 855, 573],
 delta=0.6033966680729919}
q = 1024 ; k = 32
DeltaModel{id=null, array=[199, 161, 771, 1013, 712, 439, 576, 274, 1021, 171, 709, 977, 1004, 39, 165, 468, 973, 572, 486, 754, 642, 319, 611, 439, 553, 789, 477, 899, 741, 241, 385, 441],
 delta=0.4375}
q = 1024 ; k = 64
DeltaModel{id=null, array=[398, 498, 602, 243, 124, 349, 757, 883, 807, 137, 720, 832, 934, 367, 384, 441, 918, 385, 832, 675, 788, 727, 203, 829, 605, 413, 833, 161, 931, 409, 25, 982, 38, 914, 556, 599, 760, 949, 524, 497, 849, 821, 566, 597, 654, 416, 733, 994, 531, 731, 223, 247, 264, 859, 822, 460, 457, 199, 1012, 236, 843, 9, 305, 427],
 delta=0.3013243830400307}
q = 1024 ; k = 128
DeltaModel{id=null, array=[497, 904, 345, 126, 923, 156, 329, 617, 363, 162, 693, 565, 193, 1007, 315, 793, 606, 158, 211, 503, 981, 168, 415, 11, 137, 787, 537, 486, 614, 239, 465, 686, 500, 468, 767, 365, 502, 911, 264, 592, 525, 462, 977, 392, 440, 200, 718, 27, 290, 681, 803, 934, 751, 442, 770, 142, 633, 941, 860, 921, 125, 733, 560, 1015, 716, 259, 968, 295, 518, 87, 509, 79, 550, 446, 618, 106, 676, 189, 261, 1000, 757, 509, 793, 189, 573, 885, 405, 382, 150, 42, 636, 179, 876, 991, 919, 921, 442, 349, 10, 600, 548, 361, 860, 625, 700, 746, 387, 533, 367, 727, 271, 317, 320, 608, 20, 916, 41, 59, 825, 341, 390, 392, 1017, 824, 492, 906, 538, 894],
 delta=0.2209370142670455}
q = 1024 ; k = 256
DeltaModel{id=null, array=[497, 387, 151, 329, 392, 128, 337, 562, 427, 536, 979, 330, 237, 997, 975, 951, 894, 754, 704, 1003, 899, 31, 981, 533, 828, 628, 477, 573, 198, 418, 725, 65, 119, 797, 169, 819, 584, 14, 949, 951, 837, 608, 175, 227, 770, 275, 803, 851, 288, 950, 591, 986, 830, 253, 467, 843, 524, 995, 254, 52, 460, 443, 833, 360, 182, 889, 522, 438, 772, 855, 682, 963, 565, 434, 770, 391, 851, 1018, 505, 296, 937, 539, 923, 496, 529, 495, 692, 437, 357, 951, 550, 576, 494, 911, 62, 888, 1, 3, 421, 737, 646, 896, 81, 611, 100, 682, 276, 953, 615, 878, 805, 116, 988, 161, 169, 268, 612, 61, 893, 697, 305, 554, 930, 370, 541, 140, 173, 411, 761, 854, 915, 455, 582, 398, 166, 757, 642, 425, 331, 660, 947, 597, 825, 619, 325, 971, 762, 275, 496, 793, 251, 210, 282, 418, 945, 187, 511, 84, 137, 448, 344, 918, 275, 290, 204, 320, 899, 735, 111, 882, 464, 796, 494, 464, 516, 803, 739, 29, 383, 787, 416, 571, 854, 223, 281, 819, 356, 503, 270, 234, 310, 99, 507, 144, 248, 360, 416, 1000, 75, 491, 110, 15, 298, 883, 889, 1002, 60, 174, 297, 224, 510, 443, 22, 385, 97, 531, 472, 92, 885, 974, 202, 98, 782, 884, 339, 928, 141, 53, 214, 335, 341, 592, 823, 1010, 462, 1014, 219, 198, 867, 598, 843, 421, 1013, 69, 180, 911, 662, 645, 748, 21, 783, 648, 508, 535, 536, 613],
 delta=0.14926529179905848}
q = 8 ; d = 4
DeltaModel{id=null, array=[5, 5, 0, 1],
 delta=0.7905694150420949}
q = 16 ; d = 4
DeltaModel{id=null, array=[0, 0, 11, 7],
 delta=0.8376399830590076}
q = 16 ; d = 8
DeltaModel{id=null, array=[11, 11, 7, 11, 11, 0, 2, 4],
 delta=0.8150893947221955}
q = 32 ; d = 4
DeltaModel{id=null, array=[29, 4, 14, 18],
 delta=0.8675407022717174}
q = 32 ; d = 8
DeltaModel{id=null, array=[13, 7, 30, 6, 2, 27, 1, 30],
 delta=0.5960902922986304}
